(nodo1, nodo2): (veces/paciente, frecuencia)
('MEDICO', 'NUTRICIONISTA'): (1,54) (2,12) (3,12) 
('MEDICO', 'ODONTOLOGO'): (1,6) (2,28) 
('NUTRICIONISTA', 'MATRON(A)'): (2,7) 
('ODONTOLOGO', 'ODONTOLOGO'): (1,3) 
('MEDICO', 'ENFERMERA'): (1,28) (2,14) (3,11) (4,23) (5,9) (6,10) (7,1) (12,3) (13,2) (15,5) (18,12) (21,1) (24,14) (26,3) (29,12) 
('NUTRICIONISTA', 'ENFERMERA'): (1,11) (2,27) 
('ENFERMERA', 'NUTRICIONISTA'): (1,18) 
('ENFERMERA', 'MEDICO'): (1,18) (2,22) (3,10) (4,17) (5,10) (70,3) (7,8) (8,3) (9,3) (10,1) (11,1) (12,2) (13,2) (14,1) (15,1) (18,1) (21,2) (24,1) (27,1) (28,1) (93,1) (30,1) (33,3) (35,1) (101,1) (42,1) (76,1) (49,1) (56,1) (6,3) (63,1) (106,8) (85,3) 
('ODONTOLOGO', 'ENFERMERA'): (1,4) (14,26) 
('ENFERMERA', 'ODONTOLOGO'): (1,27) 
('MATRON(A)', 'MEDICO'): (1,1) (2,1) (3,7) (5,9) 
('MATRON(A)', 'NUTRICIONISTA'): (1,16) 
('NUTRICIONISTA', 'MEDICO'): (1,6) (2,7) (4,15) (5,11) 
('MATRON(A)', 'ENFERMERA'): (3,7) 
('ODONTOLOGO', 'MEDICO'): (2,5) (11,26) (4,2) 
('NUTRICIONISTA', 'NUTRICIONISTA'): (1,3) 
('ODONTOLOGO', 'NUTRICIONISTA'): (1,30) 
('MEDICO', 'MATRON(A)'): (8,1) (2,8) (4,1) (10,2) (6,2) 
('ENFERMERA', 'ENFERMERA'): (1,28) (2,12) (3,2) (4,4) (5,17) (6,8) (7,6) (8,12) (9,3) (10,1) (12,3) (14,1) (15,1) (16,1) (18,2) (19,5) (21,2) (24,1) (26,1) (27,2) (30,6) (33,1) (36,3) (38,1) (39,9) 
('ENFERMERA', 'MATRON(A)'): (2,1) (4,4) 
('MEDICO', 'MEDICO'): (65,1) (2,28) (3,20) (68,1) (5,12) (6,11) (1,34) (8,4) (9,5) (10,3) (12,13) (13,7) (14,3) (15,8) (67,1) (7,8) (4,9) (26,1) (35,3) (43,5) (48,1) (19,12) (54,1) (58,1) (62,1) 
('MATRON(A)', 'MATRON(A)'): (1,2) (2,8) (3,1) 
